1
20
0 1 2 3 4 5 6 7 8 9 1 2 3 4 5 6 7 8 9 1
1 0 2 3 4 5 6 7 8 9 1 2 3 4 5 6 7 8 9 1
1 2 0 3 4 5 6 7 8 9 1 2 3 4 5 6 7 8 9 1
1 2 3 0 4 5 6 7 8 9 1 2 3 4 5 6 7 8 9 1
1 2 3 4 0 5 6 7 8 9 1 2 3 4 5 6 7 8 9 1
1 2 3 4 5 0 6 7 8 9 1 2 3 4 5 6 7 8 9 1
1 2 3 4 5 6 0 7 8 9 1 2 3 4 5 6 7 8 9 1
1 2 3 4 5 6 7 0 8 9 1 2 3 4 5 6 7 8 9 1
1 2 3 4 5 6 7 8 0 9 1 2 3 4 5 6 7 8 9 1
1 2 3 4 5 6 7 8 9 0 1 2 3 4 5 6 7 8 9 1
1 2 3 4 5 6 7 8 9 1 0 2 3 4 5 6 7 8 9 1
1 2 3 4 5 6 7 8 9 1 2 0 3 4 5 6 7 8 9 1
1 2 3 4 5 6 7 8 9 1 2 3 0 4 5 6 7 8 9 1
1 2 3 4 5 6 7 8 9 1 2 3 4 0 5 6 7 8 9 1
1 2 3 4 5 6 7 8 9 1 2 3 4 5 0 6 7 8 9 1
1 2 3 4 5 6 7 8 9 1 2 3 4 5 6 0 7 8 9 1
1 2 3 4 5 6 7 8 9 1 2 3 4 5 6 7 0 8 9 1
1 2 3 4 5 6 7 8 9 1 2 3 4 5 6 7 8 0 9 1
1 2 3 4 5 6 7 8 9 1 2 3 4 5 6 7 8 9 0 1
1 2 3 4 5 6 7 8 9 1 2 3 4 5 6 7 8 9 1 0
