1
10 149 30
1 1
1 3
1 5
1 7
1 9
2 2
2 4
2 6
2 8
3 1
3 3
3 5
3 7
3 9
4 2
4 4
4 6
4 8
5 1
5 3
5 5
5 7
5 9
6 2
6 4
6 6
6 8
7 1
7 3
7 5
7 7
7 9
8 2
8 4
8 6
8 8
9 1
9 3
9 5
9 7
9 9
10 2
10 4
10 6
10 8
11 1
11 3
11 5
11 7
11 9
12 2
12 4
12 6
12 8
13 1
13 3
13 5
13 7
13 9
14 2
14 4
14 6
14 8
15 1
15 3
15 5
15 7
15 9
16 2
16 4
16 6
16 8
17 1
17 3
17 5
17 7
17 9
18 2
18 4
18 6
18 8
19 1
19 3
19 5
19 7
19 9
20 2
20 4
20 6
20 8
21 1
21 3
21 5
21 7
21 9
22 2
22 4
22 6
22 8
23 1
23 3
23 5
23 7
23 9
24 2
24 4
24 6
24 8
25 1
25 3
25 5
25 7
25 9
26 2
26 4
26 6
26 8
27 1
27 3
27 5
27 7
27 9
28 2
28 4
28 6
28 8
29 1
29 3
29 5
29 7
29 9
30 2
30 4
30 6
