
1 0 0 0 0 
0 1 0 0 0 
1 0 1 0 0 
0 1 0 1 0 
0 0 1 0 1 
0 0 1 0 0 
0 1 0 0 1 
1 0 0 1 0 
0 0 1 0 0 
0 1 0 0 0 
0 0 0 0 0 

1 3 1
1 0 1 0 0 
0 1 0 0 0 
1 0 1 0 0 
0 1 0 1 0 
0 0 1 0 1 
0 0 1 0 0 
0 1 0 0 1 
1 0 0 1 0 
0 0 1 0 0 
0 1 0 0 0 
0 0 0 0 0 

1 5 2
1 0 1 0 1 
0 1 0 0 0 
1 0 1 0 0 
0 1 0 1 0 
0 0 1 0 1 
0 0 1 0 0 
0 1 0 0 1 
1 0 0 1 0 
0 0 1 0 0 
0 1 0 0 0 
0 0 0 0 0 

2 4 3
1 0 1 0 1 
0 1 0 1 0 
1 0 1 0 0 
0 1 0 1 0 
0 0 1 0 1 
0 0 1 0 0 
0 1 0 0 1 
1 0 0 1 0 
0 0 1 0 0 
0 1 0 0 0 
0 0 0 0 0 

2 4 2
1 0 1 0 1 
0 1 0 0 0 
1 0 1 0 0 
0 1 0 1 0 
0 0 1 0 1 
0 0 1 0 0 
0 1 0 0 1 
1 0 0 1 0 
0 0 1 0 0 
0 1 0 0 0 
0 0 0 0 0 

2 5 3
1 0 1 0 1 
0 1 0 0 1 
1 0 1 0 0 
0 1 0 1 0 
0 0 1 0 1 
0 0 1 0 0 
0 1 0 0 1 
1 0 0 1 0 
0 0 1 0 0 
0 1 0 0 0 
0 0 0 0 0 

2 5 2
1 0 1 0 1 
0 1 0 0 0 
1 0 1 0 0 
0 1 0 1 0 
0 0 1 0 1 
0 0 1 0 0 
0 1 0 0 1 
1 0 0 1 0 
0 0 1 0 0 
0 1 0 0 0 
0 0 0 0 0 

3 5 3
1 0 1 0 1 
0 1 0 0 0 
1 0 1 0 1 
0 1 0 1 0 
0 0 1 0 1 
0 0 1 0 0 
0 1 0 0 1 
1 0 0 1 0 
0 0 1 0 0 
0 1 0 0 0 
0 0 0 0 0 

3 5 2
1 0 1 0 1 
0 1 0 0 0 
1 0 1 0 0 
0 1 0 1 0 
0 0 1 0 1 
0 0 1 0 0 
0 1 0 0 1 
1 0 0 1 0 
0 0 1 0 0 
0 1 0 0 0 
0 0 0 0 0 

5 1 3
1 0 1 0 1 
0 1 0 0 0 
1 0 1 0 0 
0 1 0 1 0 
1 0 1 0 1 
0 0 1 0 0 
0 1 0 0 1 
1 0 0 1 0 
0 0 1 0 0 
0 1 0 0 0 
0 0 0 0 0 

5 1 2
1 0 1 0 1 
0 1 0 0 0 
1 0 1 0 0 
0 1 0 1 0 
0 0 1 0 1 
0 0 1 0 0 
0 1 0 0 1 
1 0 0 1 0 
0 0 1 0 0 
0 1 0 0 0 
0 0 0 0 0 

6 1 3
1 0 1 0 1 
0 1 0 0 0 
1 0 1 0 0 
0 1 0 1 0 
0 0 1 0 1 
1 0 1 0 0 
0 1 0 0 1 
1 0 0 1 0 
0 0 1 0 0 
0 1 0 0 0 
0 0 0 0 0 

6 1 2
1 0 1 0 1 
0 1 0 0 0 
1 0 1 0 0 
0 1 0 1 0 
0 0 1 0 1 
0 0 1 0 0 
0 1 0 0 1 
1 0 0 1 0 
0 0 1 0 0 
0 1 0 0 0 
0 0 0 0 0 

6 5 3
1 0 1 0 1 
0 1 0 0 0 
1 0 1 0 0 
0 1 0 1 0 
0 0 1 0 1 
0 0 1 0 1 
0 1 0 0 1 
1 0 0 1 0 
0 0 1 0 0 
0 1 0 0 0 
0 0 0 0 0 

6 5 2
1 0 1 0 1 
0 1 0 0 0 
1 0 1 0 0 
0 1 0 1 0 
0 0 1 0 1 
0 0 1 0 0 
0 1 0 0 1 
1 0 0 1 0 
0 0 1 0 0 
0 1 0 0 0 
0 0 0 0 0 

9 1 3
1 0 1 0 1 
0 1 0 0 0 
1 0 1 0 0 
0 1 0 1 0 
0 0 1 0 1 
0 0 1 0 0 
0 1 0 0 1 
1 0 0 1 0 
1 0 1 0 0 
0 1 0 0 0 
0 0 0 0 0 

9 1 2
1 0 1 0 1 
0 1 0 0 0 
1 0 1 0 0 
0 1 0 1 0 
0 0 1 0 1 
0 0 1 0 0 
0 1 0 0 1 
1 0 0 1 0 
0 0 1 0 0 
0 1 0 0 0 
0 0 0 0 0 

9 5 3
1 0 1 0 1 
0 1 0 0 0 
1 0 1 0 0 
0 1 0 1 0 
0 0 1 0 1 
0 0 1 0 0 
0 1 0 0 1 
1 0 0 1 0 
0 0 1 0 1 
0 1 0 0 0 
0 0 0 0 0 

9 5 2
1 0 1 0 1 
0 1 0 0 0 
1 0 1 0 0 
0 1 0 1 0 
0 0 1 0 1 
0 0 1 0 0 
0 1 0 0 1 
1 0 0 1 0 
0 0 1 0 0 
0 1 0 0 0 
0 0 0 0 0 

10 4 3
1 0 1 0 1 
0 1 0 0 0 
1 0 1 0 0 
0 1 0 1 0 
0 0 1 0 1 
0 0 1 0 0 
0 1 0 0 1 
1 0 0 1 0 
0 0 1 0 0 
0 1 0 1 0 
0 0 0 0 0 

10 4 2
1 0 1 0 1 
0 1 0 0 0 
1 0 1 0 0 
0 1 0 1 0 
0 0 1 0 1 
0 0 1 0 0 
0 1 0 0 1 
1 0 0 1 0 
0 0 1 0 0 
0 1 0 0 0 
0 0 0 0 0 

10 5 3
1 0 1 0 1 
0 1 0 0 0 
1 0 1 0 0 
0 1 0 1 0 
0 0 1 0 1 
0 0 1 0 0 
0 1 0 0 1 
1 0 0 1 0 
0 0 1 0 0 
0 1 0 0 1 
0 0 0 0 0 

10 5 2
1 0 1 0 1 
0 1 0 0 0 
1 0 1 0 0 
0 1 0 1 0 
0 0 1 0 1 
0 0 1 0 0 
0 1 0 0 1 
1 0 0 1 0 
0 0 1 0 0 
0 1 0 0 0 
0 0 0 0 0 

11 1 3
1 0 1 0 1 
0 1 0 0 0 
1 0 1 0 0 
0 1 0 1 0 
0 0 1 0 1 
0 0 1 0 0 
0 1 0 0 1 
1 0 0 1 0 
0 0 1 0 0 
0 1 0 0 0 
1 0 0 0 0 

11 1 2
1 0 1 0 1 
0 1 0 0 0 
1 0 1 0 0 
0 1 0 1 0 
0 0 1 0 1 
0 0 1 0 0 
0 1 0 0 1 
1 0 0 1 0 
0 0 1 0 0 
0 1 0 0 0 
0 0 0 0 0 

11 2 3
1 0 1 0 1 
0 1 0 0 0 
1 0 1 0 0 
0 1 0 1 0 
0 0 1 0 1 
0 0 1 0 0 
0 1 0 0 1 
1 0 0 1 0 
0 0 1 0 0 
0 1 0 0 0 
0 1 0 0 0 

11 2 2
1 0 1 0 1 
0 1 0 0 0 
1 0 1 0 0 
0 1 0 1 0 
0 0 1 0 1 
0 0 1 0 0 
0 1 0 0 1 
1 0 0 1 0 
0 0 1 0 0 
0 1 0 0 0 
0 0 0 0 0 

11 3 3
1 0 1 0 1 
0 1 0 0 0 
1 0 1 0 0 
0 1 0 1 0 
0 0 1 0 1 
0 0 1 0 0 
0 1 0 0 1 
1 0 0 1 0 
0 0 1 0 0 
0 1 0 0 0 
0 0 1 0 0 

11 3 2
1 0 1 0 1 
0 1 0 0 0 
1 0 1 0 0 
0 1 0 1 0 
0 0 1 0 1 
0 0 1 0 0 
0 1 0 0 1 
1 0 0 1 0 
0 0 1 0 0 
0 1 0 0 0 
0 0 0 0 0 

11 4 3
1 0 1 0 1 
0 1 0 0 0 
1 0 1 0 0 
0 1 0 1 0 
0 0 1 0 1 
0 0 1 0 0 
0 1 0 0 1 
1 0 0 1 0 
0 0 1 0 0 
0 1 0 0 0 
0 0 0 1 0 

11 4 2
1 0 1 0 1 
0 1 0 0 0 
1 0 1 0 0 
0 1 0 1 0 
0 0 1 0 1 
0 0 1 0 0 
0 1 0 0 1 
1 0 0 1 0 
0 0 1 0 0 
0 1 0 0 0 
0 0 0 0 0 

11 5 3
1 0 1 0 1 
0 1 0 0 0 
1 0 1 0 0 
0 1 0 1 0 
0 0 1 0 1 
0 0 1 0 0 
0 1 0 0 1 
1 0 0 1 0 
0 0 1 0 0 
0 1 0 0 0 
0 0 0 0 1 

11 5 2
1 0 1 0 1 
0 1 0 0 0 
1 0 1 0 0 
0 1 0 1 0 
0 0 1 0 1 
0 0 1 0 0 
0 1 0 0 1 
1 0 0 1 0 
0 0 1 0 0 
0 1 0 0 0 
0 0 0 0 0 

1 5 1
1 0 1 0 0 
0 1 0 0 0 
1 0 1 0 0 
0 1 0 1 0 
0 0 1 0 1 
0 0 1 0 0 
0 1 0 0 1 
1 0 0 1 0 
0 0 1 0 0 
0 1 0 0 0 
0 0 0 0 0 

2 4 2
1 0 1 0 0 
0 1 0 1 0 
1 0 1 0 0 
0 1 0 1 0 
0 0 1 0 1 
0 0 1 0 0 
0 1 0 0 1 
1 0 0 1 0 
0 0 1 0 0 
0 1 0 0 0 
0 0 0 0 0 

3 5 3
1 0 1 0 0 
0 1 0 1 0 
1 0 1 0 1 
0 1 0 1 0 
0 0 1 0 1 
0 0 1 0 0 
0 1 0 0 1 
1 0 0 1 0 
0 0 1 0 0 
0 1 0 0 0 
0 0 0 0 0 

3 5 2
1 0 1 0 0 
0 1 0 1 0 
1 0 1 0 0 
0 1 0 1 0 
0 0 1 0 1 
0 0 1 0 0 
0 1 0 0 1 
1 0 0 1 0 
0 0 1 0 0 
0 1 0 0 0 
0 0 0 0 0 

5 1 3
1 0 1 0 0 
0 1 0 1 0 
1 0 1 0 0 
0 1 0 1 0 
1 0 1 0 1 
0 0 1 0 0 
0 1 0 0 1 
1 0 0 1 0 
0 0 1 0 0 
0 1 0 0 0 
0 0 0 0 0 

5 1 2
1 0 1 0 0 
0 1 0 1 0 
1 0 1 0 0 
0 1 0 1 0 
0 0 1 0 1 
0 0 1 0 0 
0 1 0 0 1 
1 0 0 1 0 
0 0 1 0 0 
0 1 0 0 0 
0 0 0 0 0 

6 1 3
1 0 1 0 0 
0 1 0 1 0 
1 0 1 0 0 
0 1 0 1 0 
0 0 1 0 1 
1 0 1 0 0 
0 1 0 0 1 
1 0 0 1 0 
0 0 1 0 0 
0 1 0 0 0 
0 0 0 0 0 

6 1 2
1 0 1 0 0 
0 1 0 1 0 
1 0 1 0 0 
0 1 0 1 0 
0 0 1 0 1 
0 0 1 0 0 
0 1 0 0 1 
1 0 0 1 0 
0 0 1 0 0 
0 1 0 0 0 
0 0 0 0 0 

6 5 3
1 0 1 0 0 
0 1 0 1 0 
1 0 1 0 0 
0 1 0 1 0 
0 0 1 0 1 
0 0 1 0 1 
0 1 0 0 1 
1 0 0 1 0 
0 0 1 0 0 
0 1 0 0 0 
0 0 0 0 0 

6 5 2
1 0 1 0 0 
0 1 0 1 0 
1 0 1 0 0 
0 1 0 1 0 
0 0 1 0 1 
0 0 1 0 0 
0 1 0 0 1 
1 0 0 1 0 
0 0 1 0 0 
0 1 0 0 0 
0 0 0 0 0 

9 1 3
1 0 1 0 0 
0 1 0 1 0 
1 0 1 0 0 
0 1 0 1 0 
0 0 1 0 1 
0 0 1 0 0 
0 1 0 0 1 
1 0 0 1 0 
1 0 1 0 0 
0 1 0 0 0 
0 0 0 0 0 

9 1 2
1 0 1 0 0 
0 1 0 1 0 
1 0 1 0 0 
0 1 0 1 0 
0 0 1 0 1 
0 0 1 0 0 
0 1 0 0 1 
1 0 0 1 0 
0 0 1 0 0 
0 1 0 0 0 
0 0 0 0 0 

9 5 3
1 0 1 0 0 
0 1 0 1 0 
1 0 1 0 0 
0 1 0 1 0 
0 0 1 0 1 
0 0 1 0 0 
0 1 0 0 1 
1 0 0 1 0 
0 0 1 0 1 
0 1 0 0 0 
0 0 0 0 0 

9 5 2
1 0 1 0 0 
0 1 0 1 0 
1 0 1 0 0 
0 1 0 1 0 
0 0 1 0 1 
0 0 1 0 0 
0 1 0 0 1 
1 0 0 1 0 
0 0 1 0 0 
0 1 0 0 0 
0 0 0 0 0 

10 4 3
1 0 1 0 0 
0 1 0 1 0 
1 0 1 0 0 
0 1 0 1 0 
0 0 1 0 1 
0 0 1 0 0 
0 1 0 0 1 
1 0 0 1 0 
0 0 1 0 0 
0 1 0 1 0 
0 0 0 0 0 

10 4 2
1 0 1 0 0 
0 1 0 1 0 
1 0 1 0 0 
0 1 0 1 0 
0 0 1 0 1 
0 0 1 0 0 
0 1 0 0 1 
1 0 0 1 0 
0 0 1 0 0 
0 1 0 0 0 
0 0 0 0 0 

10 5 3
1 0 1 0 0 
0 1 0 1 0 
1 0 1 0 0 
0 1 0 1 0 
0 0 1 0 1 
0 0 1 0 0 
0 1 0 0 1 
1 0 0 1 0 
0 0 1 0 0 
0 1 0 0 1 
0 0 0 0 0 

10 5 2
1 0 1 0 0 
0 1 0 1 0 
1 0 1 0 0 
0 1 0 1 0 
0 0 1 0 1 
0 0 1 0 0 
0 1 0 0 1 
1 0 0 1 0 
0 0 1 0 0 
0 1 0 0 0 
0 0 0 0 0 

11 1 3
1 0 1 0 0 
0 1 0 1 0 
1 0 1 0 0 
0 1 0 1 0 
0 0 1 0 1 
0 0 1 0 0 
0 1 0 0 1 
1 0 0 1 0 
0 0 1 0 0 
0 1 0 0 0 
1 0 0 0 0 

11 1 2
1 0 1 0 0 
0 1 0 1 0 
1 0 1 0 0 
0 1 0 1 0 
0 0 1 0 1 
0 0 1 0 0 
0 1 0 0 1 
1 0 0 1 0 
0 0 1 0 0 
0 1 0 0 0 
0 0 0 0 0 

11 2 3
1 0 1 0 0 
0 1 0 1 0 
1 0 1 0 0 
0 1 0 1 0 
0 0 1 0 1 
0 0 1 0 0 
0 1 0 0 1 
1 0 0 1 0 
0 0 1 0 0 
0 1 0 0 0 
0 1 0 0 0 

11 2 2
1 0 1 0 0 
0 1 0 1 0 
1 0 1 0 0 
0 1 0 1 0 
0 0 1 0 1 
0 0 1 0 0 
0 1 0 0 1 
1 0 0 1 0 
0 0 1 0 0 
0 1 0 0 0 
0 0 0 0 0 

11 3 3
1 0 1 0 0 
0 1 0 1 0 
1 0 1 0 0 
0 1 0 1 0 
0 0 1 0 1 
0 0 1 0 0 
0 1 0 0 1 
1 0 0 1 0 
0 0 1 0 0 
0 1 0 0 0 
0 0 1 0 0 

11 3 2
1 0 1 0 0 
0 1 0 1 0 
1 0 1 0 0 
0 1 0 1 0 
0 0 1 0 1 
0 0 1 0 0 
0 1 0 0 1 
1 0 0 1 0 
0 0 1 0 0 
0 1 0 0 0 
0 0 0 0 0 

11 4 3
1 0 1 0 0 
0 1 0 1 0 
1 0 1 0 0 
0 1 0 1 0 
0 0 1 0 1 
0 0 1 0 0 
0 1 0 0 1 
1 0 0 1 0 
0 0 1 0 0 
0 1 0 0 0 
0 0 0 1 0 

11 4 2
1 0 1 0 0 
0 1 0 1 0 
1 0 1 0 0 
0 1 0 1 0 
0 0 1 0 1 
0 0 1 0 0 
0 1 0 0 1 
1 0 0 1 0 
0 0 1 0 0 
0 1 0 0 0 
0 0 0 0 0 

11 5 3
1 0 1 0 0 
0 1 0 1 0 
1 0 1 0 0 
0 1 0 1 0 
0 0 1 0 1 
0 0 1 0 0 
0 1 0 0 1 
1 0 0 1 0 
0 0 1 0 0 
0 1 0 0 0 
0 0 0 0 1 

11 5 2
1 0 1 0 0 
0 1 0 1 0 
1 0 1 0 0 
0 1 0 1 0 
0 0 1 0 1 
0 0 1 0 0 
0 1 0 0 1 
1 0 0 1 0 
0 0 1 0 0 
0 1 0 0 0 
0 0 0 0 0 

2 4 1
1 0 1 0 0 
0 1 0 0 0 
1 0 1 0 0 
0 1 0 1 0 
0 0 1 0 1 
0 0 1 0 0 
0 1 0 0 1 
1 0 0 1 0 
0 0 1 0 0 
0 1 0 0 0 
0 0 0 0 0 

2 5 2
1 0 1 0 0 
0 1 0 0 1 
1 0 1 0 0 
0 1 0 1 0 
0 0 1 0 1 
0 0 1 0 0 
0 1 0 0 1 
1 0 0 1 0 
0 0 1 0 0 
0 1 0 0 0 
0 0 0 0 0 

3 5 3
1 0 1 0 0 
0 1 0 0 1 
1 0 1 0 1 
0 1 0 1 0 
0 0 1 0 1 
0 0 1 0 0 
0 1 0 0 1 
1 0 0 1 0 
0 0 1 0 0 
0 1 0 0 0 
0 0 0 0 0 

3 5 2
1 0 1 0 0 
0 1 0 0 1 
1 0 1 0 0 
0 1 0 1 0 
0 0 1 0 1 
0 0 1 0 0 
0 1 0 0 1 
1 0 0 1 0 
0 0 1 0 0 
0 1 0 0 0 
0 0 0 0 0 

5 1 3
1 0 1 0 0 
0 1 0 0 1 
1 0 1 0 0 
0 1 0 1 0 
1 0 1 0 1 
0 0 1 0 0 
0 1 0 0 1 
1 0 0 1 0 
0 0 1 0 0 
0 1 0 0 0 
0 0 0 0 0 

5 1 2
1 0 1 0 0 
0 1 0 0 1 
1 0 1 0 0 
0 1 0 1 0 
0 0 1 0 1 
0 0 1 0 0 
0 1 0 0 1 
1 0 0 1 0 
0 0 1 0 0 
0 1 0 0 0 
0 0 0 0 0 

6 1 3
1 0 1 0 0 
0 1 0 0 1 
1 0 1 0 0 
0 1 0 1 0 
0 0 1 0 1 
1 0 1 0 0 
0 1 0 0 1 
1 0 0 1 0 
0 0 1 0 0 
0 1 0 0 0 
0 0 0 0 0 

6 1 2
1 0 1 0 0 
0 1 0 0 1 
1 0 1 0 0 
0 1 0 1 0 
0 0 1 0 1 
0 0 1 0 0 
0 1 0 0 1 
1 0 0 1 0 
0 0 1 0 0 
0 1 0 0 0 
0 0 0 0 0 

6 5 3
1 0 1 0 0 
0 1 0 0 1 
1 0 1 0 0 
0 1 0 1 0 
0 0 1 0 1 
0 0 1 0 1 
0 1 0 0 1 
1 0 0 1 0 
0 0 1 0 0 
0 1 0 0 0 
0 0 0 0 0 

6 5 2
1 0 1 0 0 
0 1 0 0 1 
1 0 1 0 0 
0 1 0 1 0 
0 0 1 0 1 
0 0 1 0 0 
0 1 0 0 1 
1 0 0 1 0 
0 0 1 0 0 
0 1 0 0 0 
0 0 0 0 0 

9 1 3
1 0 1 0 0 
0 1 0 0 1 
1 0 1 0 0 
0 1 0 1 0 
0 0 1 0 1 
0 0 1 0 0 
0 1 0 0 1 
1 0 0 1 0 
1 0 1 0 0 
0 1 0 0 0 
0 0 0 0 0 

9 1 2
1 0 1 0 0 
0 1 0 0 1 
1 0 1 0 0 
0 1 0 1 0 
0 0 1 0 1 
0 0 1 0 0 
0 1 0 0 1 
1 0 0 1 0 
0 0 1 0 0 
0 1 0 0 0 
0 0 0 0 0 

9 5 3
1 0 1 0 0 
0 1 0 0 1 
1 0 1 0 0 
0 1 0 1 0 
0 0 1 0 1 
0 0 1 0 0 
0 1 0 0 1 
1 0 0 1 0 
0 0 1 0 1 
0 1 0 0 0 
0 0 0 0 0 

9 5 2
1 0 1 0 0 
0 1 0 0 1 
1 0 1 0 0 
0 1 0 1 0 
0 0 1 0 1 
0 0 1 0 0 
0 1 0 0 1 
1 0 0 1 0 
0 0 1 0 0 
0 1 0 0 0 
0 0 0 0 0 

10 4 3
1 0 1 0 0 
0 1 0 0 1 
1 0 1 0 0 
0 1 0 1 0 
0 0 1 0 1 
0 0 1 0 0 
0 1 0 0 1 
1 0 0 1 0 
0 0 1 0 0 
0 1 0 1 0 
0 0 0 0 0 

10 4 2
1 0 1 0 0 
0 1 0 0 1 
1 0 1 0 0 
0 1 0 1 0 
0 0 1 0 1 
0 0 1 0 0 
0 1 0 0 1 
1 0 0 1 0 
0 0 1 0 0 
0 1 0 0 0 
0 0 0 0 0 

10 5 3
1 0 1 0 0 
0 1 0 0 1 
1 0 1 0 0 
0 1 0 1 0 
0 0 1 0 1 
0 0 1 0 0 
0 1 0 0 1 
1 0 0 1 0 
0 0 1 0 0 
0 1 0 0 1 
0 0 0 0 0 

10 5 2
1 0 1 0 0 
0 1 0 0 1 
1 0 1 0 0 
0 1 0 1 0 
0 0 1 0 1 
0 0 1 0 0 
0 1 0 0 1 
1 0 0 1 0 
0 0 1 0 0 
0 1 0 0 0 
0 0 0 0 0 

11 1 3
1 0 1 0 0 
0 1 0 0 1 
1 0 1 0 0 
0 1 0 1 0 
0 0 1 0 1 
0 0 1 0 0 
0 1 0 0 1 
1 0 0 1 0 
0 0 1 0 0 
0 1 0 0 0 
1 0 0 0 0 

11 1 2
1 0 1 0 0 
0 1 0 0 1 
1 0 1 0 0 
0 1 0 1 0 
0 0 1 0 1 
0 0 1 0 0 
0 1 0 0 1 
1 0 0 1 0 
0 0 1 0 0 
0 1 0 0 0 
0 0 0 0 0 

11 2 3
1 0 1 0 0 
0 1 0 0 1 
1 0 1 0 0 
0 1 0 1 0 
0 0 1 0 1 
0 0 1 0 0 
0 1 0 0 1 
1 0 0 1 0 
0 0 1 0 0 
0 1 0 0 0 
0 1 0 0 0 

11 2 2
1 0 1 0 0 
0 1 0 0 1 
1 0 1 0 0 
0 1 0 1 0 
0 0 1 0 1 
0 0 1 0 0 
0 1 0 0 1 
1 0 0 1 0 
0 0 1 0 0 
0 1 0 0 0 
0 0 0 0 0 

11 3 3
1 0 1 0 0 
0 1 0 0 1 
1 0 1 0 0 
0 1 0 1 0 
0 0 1 0 1 
0 0 1 0 0 
0 1 0 0 1 
1 0 0 1 0 
0 0 1 0 0 
0 1 0 0 0 
0 0 1 0 0 

11 3 2
1 0 1 0 0 
0 1 0 0 1 
1 0 1 0 0 
0 1 0 1 0 
0 0 1 0 1 
0 0 1 0 0 
0 1 0 0 1 
1 0 0 1 0 
0 0 1 0 0 
0 1 0 0 0 
0 0 0 0 0 

11 4 3
1 0 1 0 0 
0 1 0 0 1 
1 0 1 0 0 
0 1 0 1 0 
0 0 1 0 1 
0 0 1 0 0 
0 1 0 0 1 
1 0 0 1 0 
0 0 1 0 0 
0 1 0 0 0 
0 0 0 1 0 

11 4 2
1 0 1 0 0 
0 1 0 0 1 
1 0 1 0 0 
0 1 0 1 0 
0 0 1 0 1 
0 0 1 0 0 
0 1 0 0 1 
1 0 0 1 0 
0 0 1 0 0 
0 1 0 0 0 
0 0 0 0 0 

11 5 3
1 0 1 0 0 
0 1 0 0 1 
1 0 1 0 0 
0 1 0 1 0 
0 0 1 0 1 
0 0 1 0 0 
0 1 0 0 1 
1 0 0 1 0 
0 0 1 0 0 
0 1 0 0 0 
0 0 0 0 1 

11 5 2
1 0 1 0 0 
0 1 0 0 1 
1 0 1 0 0 
0 1 0 1 0 
0 0 1 0 1 
0 0 1 0 0 
0 1 0 0 1 
1 0 0 1 0 
0 0 1 0 0 
0 1 0 0 0 
0 0 0 0 0 

2 5 1
1 0 1 0 0 
0 1 0 0 0 
1 0 1 0 0 
0 1 0 1 0 
0 0 1 0 1 
0 0 1 0 0 
0 1 0 0 1 
1 0 0 1 0 
0 0 1 0 0 
0 1 0 0 0 
0 0 0 0 0 

3 5 2
1 0 1 0 0 
0 1 0 0 0 
1 0 1 0 1 
0 1 0 1 0 
0 0 1 0 1 
0 0 1 0 0 
0 1 0 0 1 
1 0 0 1 0 
0 0 1 0 0 
0 1 0 0 0 
0 0 0 0 0 

5 1 3
1 0 1 0 0 
0 1 0 0 0 
1 0 1 0 1 
0 1 0 1 0 
1 0 1 0 1 
0 0 1 0 0 
0 1 0 0 1 
1 0 0 1 0 
0 0 1 0 0 
0 1 0 0 0 
0 0 0 0 0 

5 1 2
1 0 1 0 0 
0 1 0 0 0 
1 0 1 0 1 
0 1 0 1 0 
0 0 1 0 1 
0 0 1 0 0 
0 1 0 0 1 
1 0 0 1 0 
0 0 1 0 0 
0 1 0 0 0 
0 0 0 0 0 

6 1 3
1 0 1 0 0 
0 1 0 0 0 
1 0 1 0 1 
0 1 0 1 0 
0 0 1 0 1 
1 0 1 0 0 
0 1 0 0 1 
1 0 0 1 0 
0 0 1 0 0 
0 1 0 0 0 
0 0 0 0 0 

6 1 2
1 0 1 0 0 
0 1 0 0 0 
1 0 1 0 1 
0 1 0 1 0 
0 0 1 0 1 
0 0 1 0 0 
0 1 0 0 1 
1 0 0 1 0 
0 0 1 0 0 
0 1 0 0 0 
0 0 0 0 0 

6 5 3
1 0 1 0 0 
0 1 0 0 0 
1 0 1 0 1 
0 1 0 1 0 
0 0 1 0 1 
0 0 1 0 1 
0 1 0 0 1 
1 0 0 1 0 
0 0 1 0 0 
0 1 0 0 0 
0 0 0 0 0 

6 5 2
1 0 1 0 0 
0 1 0 0 0 
1 0 1 0 1 
0 1 0 1 0 
0 0 1 0 1 
0 0 1 0 0 
0 1 0 0 1 
1 0 0 1 0 
0 0 1 0 0 
0 1 0 0 0 
0 0 0 0 0 

9 1 3
1 0 1 0 0 
0 1 0 0 0 
1 0 1 0 1 
0 1 0 1 0 
0 0 1 0 1 
0 0 1 0 0 
0 1 0 0 1 
1 0 0 1 0 
1 0 1 0 0 
0 1 0 0 0 
0 0 0 0 0 

9 1 2
1 0 1 0 0 
0 1 0 0 0 
1 0 1 0 1 
0 1 0 1 0 
0 0 1 0 1 
0 0 1 0 0 
0 1 0 0 1 
1 0 0 1 0 
0 0 1 0 0 
0 1 0 0 0 
0 0 0 0 0 

9 5 3
1 0 1 0 0 
0 1 0 0 0 
1 0 1 0 1 
0 1 0 1 0 
0 0 1 0 1 
0 0 1 0 0 
0 1 0 0 1 
1 0 0 1 0 
0 0 1 0 1 
0 1 0 0 0 
0 0 0 0 0 

9 5 2
1 0 1 0 0 
0 1 0 0 0 
1 0 1 0 1 
0 1 0 1 0 
0 0 1 0 1 
0 0 1 0 0 
0 1 0 0 1 
1 0 0 1 0 
0 0 1 0 0 
0 1 0 0 0 
0 0 0 0 0 

10 4 3
1 0 1 0 0 
0 1 0 0 0 
1 0 1 0 1 
0 1 0 1 0 
0 0 1 0 1 
0 0 1 0 0 
0 1 0 0 1 
1 0 0 1 0 
0 0 1 0 0 
0 1 0 1 0 
0 0 0 0 0 

10 4 2
1 0 1 0 0 
0 1 0 0 0 
1 0 1 0 1 
0 1 0 1 0 
0 0 1 0 1 
0 0 1 0 0 
0 1 0 0 1 
1 0 0 1 0 
0 0 1 0 0 
0 1 0 0 0 
0 0 0 0 0 

10 5 3
1 0 1 0 0 
0 1 0 0 0 
1 0 1 0 1 
0 1 0 1 0 
0 0 1 0 1 
0 0 1 0 0 
0 1 0 0 1 
1 0 0 1 0 
0 0 1 0 0 
0 1 0 0 1 
0 0 0 0 0 

10 5 2
1 0 1 0 0 
0 1 0 0 0 
1 0 1 0 1 
0 1 0 1 0 
0 0 1 0 1 
0 0 1 0 0 
0 1 0 0 1 
1 0 0 1 0 
0 0 1 0 0 
0 1 0 0 0 
0 0 0 0 0 

11 1 3
1 0 1 0 0 
0 1 0 0 0 
1 0 1 0 1 
0 1 0 1 0 
0 0 1 0 1 
0 0 1 0 0 
0 1 0 0 1 
1 0 0 1 0 
0 0 1 0 0 
0 1 0 0 0 
1 0 0 0 0 

11 1 2
1 0 1 0 0 
0 1 0 0 0 
1 0 1 0 1 
0 1 0 1 0 
0 0 1 0 1 
0 0 1 0 0 
0 1 0 0 1 
1 0 0 1 0 
0 0 1 0 0 
0 1 0 0 0 
0 0 0 0 0 

11 2 3
1 0 1 0 0 
0 1 0 0 0 
1 0 1 0 1 
0 1 0 1 0 
0 0 1 0 1 
0 0 1 0 0 
0 1 0 0 1 
1 0 0 1 0 
0 0 1 0 0 
0 1 0 0 0 
0 1 0 0 0 

11 2 2
1 0 1 0 0 
0 1 0 0 0 
1 0 1 0 1 
0 1 0 1 0 
0 0 1 0 1 
0 0 1 0 0 
0 1 0 0 1 
1 0 0 1 0 
0 0 1 0 0 
0 1 0 0 0 
0 0 0 0 0 

11 3 3
1 0 1 0 0 
0 1 0 0 0 
1 0 1 0 1 
0 1 0 1 0 
0 0 1 0 1 
0 0 1 0 0 
0 1 0 0 1 
1 0 0 1 0 
0 0 1 0 0 
0 1 0 0 0 
0 0 1 0 0 

11 3 2
1 0 1 0 0 
0 1 0 0 0 
1 0 1 0 1 
0 1 0 1 0 
0 0 1 0 1 
0 0 1 0 0 
0 1 0 0 1 
1 0 0 1 0 
0 0 1 0 0 
0 1 0 0 0 
0 0 0 0 0 

11 4 3
1 0 1 0 0 
0 1 0 0 0 
1 0 1 0 1 
0 1 0 1 0 
0 0 1 0 1 
0 0 1 0 0 
0 1 0 0 1 
1 0 0 1 0 
0 0 1 0 0 
0 1 0 0 0 
0 0 0 1 0 

11 4 2
1 0 1 0 0 
0 1 0 0 0 
1 0 1 0 1 
0 1 0 1 0 
0 0 1 0 1 
0 0 1 0 0 
0 1 0 0 1 
1 0 0 1 0 
0 0 1 0 0 
0 1 0 0 0 
0 0 0 0 0 

11 5 3
1 0 1 0 0 
0 1 0 0 0 
1 0 1 0 1 
0 1 0 1 0 
0 0 1 0 1 
0 0 1 0 0 
0 1 0 0 1 
1 0 0 1 0 
0 0 1 0 0 
0 1 0 0 0 
0 0 0 0 1 

11 5 2
1 0 1 0 0 
0 1 0 0 0 
1 0 1 0 1 
0 1 0 1 0 
0 0 1 0 1 
0 0 1 0 0 
0 1 0 0 1 
1 0 0 1 0 
0 0 1 0 0 
0 1 0 0 0 
0 0 0 0 0 

3 5 1
1 0 1 0 0 
0 1 0 0 0 
1 0 1 0 0 
0 1 0 1 0 
0 0 1 0 1 
0 0 1 0 0 
0 1 0 0 1 
1 0 0 1 0 
0 0 1 0 0 
0 1 0 0 0 
0 0 0 0 0 

5 1 2
1 0 1 0 0 
0 1 0 0 0 
1 0 1 0 0 
0 1 0 1 0 
1 0 1 0 1 
0 0 1 0 0 
0 1 0 0 1 
1 0 0 1 0 
0 0 1 0 0 
0 1 0 0 0 
0 0 0 0 0 

6 1 3
1 0 1 0 0 
0 1 0 0 0 
1 0 1 0 0 
0 1 0 1 0 
1 0 1 0 1 
1 0 1 0 0 
0 1 0 0 1 
1 0 0 1 0 
0 0 1 0 0 
0 1 0 0 0 
0 0 0 0 0 

6 1 2
1 0 1 0 0 
0 1 0 0 0 
1 0 1 0 0 
0 1 0 1 0 
1 0 1 0 1 
0 0 1 0 0 
0 1 0 0 1 
1 0 0 1 0 
0 0 1 0 0 
0 1 0 0 0 
0 0 0 0 0 

6 5 3
1 0 1 0 0 
0 1 0 0 0 
1 0 1 0 0 
0 1 0 1 0 
1 0 1 0 1 
0 0 1 0 1 
0 1 0 0 1 
1 0 0 1 0 
0 0 1 0 0 
0 1 0 0 0 
0 0 0 0 0 

6 5 2
1 0 1 0 0 
0 1 0 0 0 
1 0 1 0 0 
0 1 0 1 0 
1 0 1 0 1 
0 0 1 0 0 
0 1 0 0 1 
1 0 0 1 0 
0 0 1 0 0 
0 1 0 0 0 
0 0 0 0 0 

9 1 3
1 0 1 0 0 
0 1 0 0 0 
1 0 1 0 0 
0 1 0 1 0 
1 0 1 0 1 
0 0 1 0 0 
0 1 0 0 1 
1 0 0 1 0 
1 0 1 0 0 
0 1 0 0 0 
0 0 0 0 0 

9 1 2
1 0 1 0 0 
0 1 0 0 0 
1 0 1 0 0 
0 1 0 1 0 
1 0 1 0 1 
0 0 1 0 0 
0 1 0 0 1 
1 0 0 1 0 
0 0 1 0 0 
0 1 0 0 0 
0 0 0 0 0 

9 5 3
1 0 1 0 0 
0 1 0 0 0 
1 0 1 0 0 
0 1 0 1 0 
1 0 1 0 1 
0 0 1 0 0 
0 1 0 0 1 
1 0 0 1 0 
0 0 1 0 1 
0 1 0 0 0 
0 0 0 0 0 

9 5 2
1 0 1 0 0 
0 1 0 0 0 
1 0 1 0 0 
0 1 0 1 0 
1 0 1 0 1 
0 0 1 0 0 
0 1 0 0 1 
1 0 0 1 0 
0 0 1 0 0 
0 1 0 0 0 
0 0 0 0 0 

10 4 3
1 0 1 0 0 
0 1 0 0 0 
1 0 1 0 0 
0 1 0 1 0 
1 0 1 0 1 
0 0 1 0 0 
0 1 0 0 1 
1 0 0 1 0 
0 0 1 0 0 
0 1 0 1 0 
0 0 0 0 0 

10 4 2
1 0 1 0 0 
0 1 0 0 0 
1 0 1 0 0 
0 1 0 1 0 
1 0 1 0 1 
0 0 1 0 0 
0 1 0 0 1 
1 0 0 1 0 
0 0 1 0 0 
0 1 0 0 0 
0 0 0 0 0 

10 5 3
1 0 1 0 0 
0 1 0 0 0 
1 0 1 0 0 
0 1 0 1 0 
1 0 1 0 1 
0 0 1 0 0 
0 1 0 0 1 
1 0 0 1 0 
0 0 1 0 0 
0 1 0 0 1 
0 0 0 0 0 

10 5 2
1 0 1 0 0 
0 1 0 0 0 
1 0 1 0 0 
0 1 0 1 0 
1 0 1 0 1 
0 0 1 0 0 
0 1 0 0 1 
1 0 0 1 0 
0 0 1 0 0 
0 1 0 0 0 
0 0 0 0 0 

11 1 3
1 0 1 0 0 
0 1 0 0 0 
1 0 1 0 0 
0 1 0 1 0 
1 0 1 0 1 
0 0 1 0 0 
0 1 0 0 1 
1 0 0 1 0 
0 0 1 0 0 
0 1 0 0 0 
1 0 0 0 0 

3
