5
8 8
1 0 0 0 0 0 0 0
1 0 0 0 0 0 0 0
1 0 0 0 0 0 0 0
1 0 0 0 0 0 0 0
1 0 0 0 0 0 0 0
1 0 0 0 0 0 0 0
1 0 0 0 0 0 0 0
1 0 0 0 0 0 0 0
8 8
0 0 0 0 1 0 0 0
0 0 0 3 0 0 0 0
0 0 3 0 0 0 0 0
0 3 0 0 0 0 0 0
4 0 0 0 0 0 0 0
0 3 0 0 0 0 0 0
0 0 3 0 0 0 0 0
0 0 0 1 0 0 0 0
8 8
0 0 0 0 0 0 0 3
0 0 0 0 0 0 3 0
0 0 0 0 0 3 0 0
0 0 0 0 3 0 0 0
0 0 0 3 0 0 0 0
0 0 3 0 0 0 0 0
0 3 0 0 0 0 0 0
6 0 0 0 0 0 0 0
8 8
1 1 0 6 6 3 0 0
0 0 0 6 6 0 0 0
0 0 0 6 6 0 0 0
0 0 0 6 6 0 0 0
0 0 0 6 6 0 0 0
0 0 0 6 6 0 0 0
0 0 3 6 6 0 1 1
8 8
0 0 0 0 0 0 0 1
0 0 0 0 0 0 0 1
3 0 0 0 0 0 0 0
6 6 6 6 6 6 6 6
6 6 6 6 6 6 6 6
3 0 0 0 0 0 0 0
0 0 0 0 0 0 0 1
0 0 0 0 0 0 0 1
