10
5
0
5
4 D
8 D
12 D
15 D
20 L
8
3
5 4
5 8
2 5
6
7 D
11 D
15 D
18 D
19 D
20 D
8
5
6 1
7 3
3 5
5 7
5 6
12
2 D
8 D
10 D
12 D
18 L
20 L
22 L
24 L
25 L
28 L
32 D
33 L
20
13
6 15
7 18
20 14
14 13
11 9
7 10
3 18
10 10
13 13
13 5
6 9
10 4
4 3
19
17 D
36 D
41 D
54 D
56 L
57 L
63 L
68 L
72 L
73 L
76 D
79 D
82 D
85 D
87 D
93 L
105 D
110 D
114 D
35
28
21 2
22 23
3 5
34 30
29 31
3 28
20 12
27 26
31 7
5 10
21 10
19 2
15 23
4 23
3 19
3 35
13 30
30 30
23 27
32 17
22 24
8 27
4 8
30 18
15 28
22 29
28 5
16 33
20
27 D
61 L
68 L
100 L
133 L
160 L
165 D
168 D
170 D
182 D
206 D
207 D
214 D
215 D
216 L
237 D
240 D
241 L
251 D
252 D
58
58
31 50
13 34
54 27
21 40
17 36
28 48
38 27
13 51
53 44
28 57
10 25
26 20
29 31
2 6
53 24
19 45
31 58
30 36
2 33
52 31
22 30
15 56
44 36
26 12
47 18
10 57
4 5
28 52
6 30
48 15
5 38
25 38
29 48
50 40
36 5
35 15
45 9
56 42
18 15
51 9
33 29
26 47
46 28
43 29
16 41
16 30
38 35
49 14
20 7
39 50
21 36
40 25
9 5
6 4
49 23
15 32
41 4
42 2
78
5 D
8 D
10 L
15 L
17 L
18 L
20 L
32 L
64 D
65 L
76 D
81 L
82 D
86 L
87 D
88 L
91 L
94 D
100 D
103 D
107 D
109 L
110 D
111 D
115 D
116 L
117 D
118 D
119 L
120 L
121 D
143 D
192 D
229 D
276 L
287 L
313 L
365 D
366 D
403 L
404 L
439 D
440 D
463 L
464 L
469 D
470 L
482 D
493 D
494 D
498 L
510 L
513 D
514 L
519 L
520 D
529 L
545 L
552 D
558 D
564 D
565 D
568 L
570 L
574 D
576 D
581 D
588 D
597 D
619 D
672 D
678 D
693 D
742 L
743 L
747 D
748 L
751 L
80
86
5 55
45 4
80 72
7 21
22 44
80 22
21 65
60 43
10 41
4 61
25 50
75 53
16 24
6 1
10 73
32 67
40 38
71 1
25 26
55 75
70 74
30 52
52 7
48 1
47 27
72 24
41 42
58 70
66 60
68 23
36 41
72 39
7 3
12 31
51 1
57 45
68 31
58 26
31 46
4 77
74 65
53 66
42 24
2 54
36 30
46 77
5 30
21 12
2 17
68 20
26 54
50 58
58 27
30 45
19 72
42 60
3 57
54 66
18 69
41 25
32 44
32 47
12 42
69 27
55 64
48 57
41 27
27 30
64 71
53 53
34 64
63 75
66 8
55 11
67 45
5 75
73 11
15 28
48 42
76 38
15 10
20 38
58 13
41 71
13 3
42 10
100
53 D
57 L
60 L
62 D
66 D
67 L
83 D
85 D
87 D
89 D
90 D
91 L
92 D
93 D
94 L
95 D
96 L
97 D
98 L
99 D
100 L
110 D
114 D
116 L
120 L
155 L
156 D
159 D
161 L
186 L
202 L
203 L
282 L
283 L
306 L
385 L
408 L
414 L
416 L
421 D
486 D
516 D
540 D
542 D
544 D
545 L
546 L
548 L
552 L
556 L
562 L
563 L
568 D
570 D
572 D
573 L
574 L
576 L
580 L
587 D
589 L
593 L
594 D
595 L
630 D
635 D
637 D
644 L
646 L
649 D
651 D
653 D
658 D
675 D
676 D
678 L
700 D
702 L
759 D
760 D
766 L
768 L
769 D
771 D
772 D
775 D
776 L
801 L
855 L
856 D
869 L
870 L
897 L
898 L
918 L
924 L
925 D
941 L
942 D
945 L
100
100
83 88
46 100
21 1
46 1
34 34
55 75
40 64
49 72
38 25
28 71
52 74
28 50
4 81
49 90
5 40
13 2
80 9
51 77
9 76
7 66
3 46
71 75
92 55
41 99
50 12
98 69
41 59
21 30
87 62
19 42
62 26
83 8
17 32
76 22
22 3
36 50
35 91
11 30
2 93
17 97
73 91
19 36
49 10
40 57
53 16
95 1
24 23
45 61
36 35
85 36
49 8
71 48
40 44
63 6
94 19
48 38
58 74
68 56
45 21
42 70
81 59
15 16
77 96
45 24
81 26
61 93
53 95
23 19
64 23
86 19
16 33
81 87
87 24
18 65
27 53
24 62
9 24
82 94
22 88
10 78
88 58
20 11
26 59
96 70
10 50
17 53
52 77
98 43
9 53
64 97
15 51
43 61
42 40
90 6
80 31
25 96
46 56
13 73
15 66
51 76
100
98 D
99 D
162 L
163 L
201 D
202 D
203 L
204 L
215 L
216 L
236 L
242 L
243 L
246 D
247 D
259 D
262 D
263 D
264 L
265 D
266 D
272 D
274 L
275 D
279 L
344 D
347 D
348 D
350 L
351 L
354 L
363 L
364 D
365 L
379 D
380 D
448 L
450 D
451 D
458 D
459 D
463 L
464 D
467 L
484 L
485 L
486 D
584 D
598 D
599 L
608 D
611 D
613 L
614 L
653 D
656 D
659 L
660 L
680 L
689 D
693 D
714 D
717 D
722 D
724 D
730 D
734 D
737 D
743 D
745 D
747 L
762 L
763 D
775 D
776 D
791 L
794 L
795 D
865 D
866 D
875 D
878 D
891 L
892 D
893 L
894 L
901 L
902 L
921 L
934 L
935 L
938 D
939 D
940 L
941 D
942 L
943 D
944 L
945 D
947 L
100
18
86 85
41 57
23 76
84 5
71 80
55 66
91 42
25 9
26 67
89 32
44 80
74 31
10 18
74 6
79 46
7 87
21 89
96 85
90
16 D
18 L
19 D
103 L
117 D
120 L
129 D
130 L
131 D
139 L
182 L
280 D
282 D
288 L
290 D
305 D
307 D
310 D
312 D
314 D
315 L
316 D
317 L
318 L
331 L
353 L
452 L
535 L
540 L
599 D
602 L
603 D
604 L
605 D
676 D
679 D
703 L
756 D
783 D
785 D
786 L
789 D
837 L
838 D
839 L
871 L
885 L
908 D
911 D
917 D
919 L
920 D
921 D
924 L
925 D
929 D
930 L
931 D
932 D
933 L
934 D
935 L
936 D
937 L
938 D
939 L
940 D
941 D
942 L
984 L
1045 L
1120 L
1121 L
1212 D
1309 D
1310 L
1312 D
1313 D
1412 L
1413 D
1414 L
1511 L
1512 L
1526 L
1530 D
1611 D
1749 D
1785 D
1806 D
1844 L
100
100
42 68
35 1
70 25
79 59
63 65
6 46
82 28
62 92
96 43
28 37
92 5
3 54
93 83
22 17
19 96
48 27
72 39
70 13
68 100
36 95
4 12
23 34
74 65
42 12
54 69
48 45
63 58
38 60
24 42
30 79
17 36
91 43
89 7
41 43
65 49
47 6
91 30
71 51
7 2
94 49
30 24
85 55
57 41
67 77
32 9
45 40
27 24
38 39
19 83
30 42
34 16
40 59
5 31
78 7
74 87
22 46
25 73
71 30
78 74
98 13
87 91
62 37
56 68
56 75
32 53
51 51
42 25
67 31
8 92
8 38
58 88
54 84
46 10
10 59
22 89
23 47
7 31
14 69
1 92
63 56
11 60
25 38
49 84
96 42
3 51
92 37
75 21
97 22
49 100
69 85
82 35
54 100
19 39
1 89
28 68
29 94
49 84
8 22
11 18
14 15
100
99 D
198 D
297 D
396 D
495 D
594 D
693 D
792 D
891 D
990 D
1089 D
1188 D
1287 D
1386 D
1485 D
1584 D
1683 D
1782 D
1881 D
1980 D
2079 D
2178 D
2277 D
2376 D
2475 D
2574 D
2673 D
2772 D
2871 D
2970 D
3069 D
3168 D
3267 D
3366 D
3465 D
3564 D
3663 D
3762 D
3861 D
3960 D
4059 D
4158 D
4257 D
4356 D
4455 D
4554 D
4653 D
4752 D
4851 D
4950 D
5049 D
5148 D
5247 D
5346 D
5445 D
5544 D
5545 D
5644 L
5645 L
5744 D
5745 D
5844 L
5845 L
5944 D
5945 D
6044 L
6045 L
6144 D
6145 D
6244 L
6245 L
6344 D
6345 D
6444 L
6445 L
6544 D
6545 D
6644 L
6645 L
6744 D
6745 D
6844 L
6845 L
6944 D
6945 D
7044 L
7045 L
7094 D
7095 L
7099 L
7101 D
7106 L
7114 D
7115 D
7117 D
7124 L
7130 L
7138 L
7142 L
7150 D
